0.428571429 0.337484 0.155 3 
0.857142857 0.57929 0.137 3 
0.571428571 0.561208 0.18 3 
0.142857143 0.427502 0.05906 3 
0.142857143 0.581284 0.07492 3 
0.142857143 0.701758 0.131 3 
0.142857143 0.542604 0.24 3 
0.571428571 0.454934 0.09096 3 
0.857142857 0.570838 0.20299 3 
0.571428571 0.465204 0.153 3 
0.714285714 0.47168 0.223 2 
0.428571429 0.446618 0.06328 2 
0.142857143 0.600378 0.124 2 
0.571428571 0.606132 0.169 2 
0.285714286 0.741212 0.239 2 
0.714285714 0.659516 0.145 2 
0.142857143 0.603612 0.286 2 
0.714285714 0.612748 0.243 2 
0.142857143 0.833942 0.343 2 
0.142857143 0.605534 0.255 2 
0.571428571 0.367514 0.416 2 
0.142857143 0.63214 0.347 2 
0.142857143 0.434344 0.429 2 
0.714285714 0.500564 0.252 2 
0.857142857 0.560376 0.548 2 
0.571428571 0.366958 0.247 2 
0.714285714 0.602908 0.369 1 
0.714285714 0.699646 0.322 1 
0.857142857 0.652568 0.671 1 
1 0.80652 1.146 1 
0.571428571 0.584196 0.505 1 
0.714285714 0.528248 0.673 1 
0.714285714 0.295102 0.503 1 
0.142857143 0.875382 0.779 1 
0.857142857 0.614236 0.291 1 
0.857142857 0.539404 1.15399 1 
0.142857143 0.587594 0.83699 1 
0.857142857 0.627936 0.736 1 
0.857142857 0.441086 1.071 1 
0.428571429 0.529904 0.03639 0 
0.571428571 0.586496 0.028 0 
0.142857143 0.315304 0.01319 0 
0.142857143 0.288388 0.02152 0 
0.142857143 0.27355 0.03562 0 
0.142857143 0.408248 0.00513 0 
0.142857143 0.45332 0.02482 0 
0.142857143 0.48628 0.08095 0 
0.142857143 0.279374 0.03766 0 
0.142857143 0.565532 0.02489 0 
0.142857143 0.639822 0.0217 0 
0.142857143 0.404472 0.0747 0 
0.285714286 0.486454 0.07313 3 
0.142857143 0.92477 0.03275 3 
0.142857143 0.532778 0.154 3 
0.714285714 0.767928 0.102 3 
0.142857143 0.476416 0.12 3 
0.142857143 0.495414 0.115 3 
0.142857143 0.753584 0.06592 3 
0.142857143 0.501834 0.176 3 
0.142857143 0.379962 0.09151 3 
0.142857143 0.571966 0.151 2 
0.571428571 0.607342 0.141 2 
0.142857143 0.472666 0.44 2 
0.142857143 0.374486 0.03489 0 
0.142857143 0.475038 0.01039 0 
0.142857143 0.289164 0.03152 0 
0.285714286 0.415262 0.0526 0 
0.428571429 0.356546 0.02827 0 
0.142857143 0.494654 0.02471 0 
0.142857143 0.609096 0.03943 0 
0.142857143 0.599216 0.04476 0 
0.714285714 0.691118 0.141 3 
0.571428571 0.692836 0.462 3 
0.714285714 0.459744 0.0282 3 
0.142857143 0.273718 0.05703 3 
0.142857143 0.322304 0.0149 3 
0.142857143 0.494882 0.07749 3 
0.142857143 0.487948 0.02117 3 
0.571428571 0.741612 0.04955 3 
0.142857143 0.485406 0.04283 3 
0.142857143 0.526176 0.04471 3 
0.142857143 0.545904 0.02766 3 
0.571428571 0.358978 0.04572 3 
0.142857143 0.471102 0.07396 3 
0.142857143 0.466092 0.06564 3 
0.571428571 0.621156 0.168 3 
0.142857143 0.410598 0.05446 3 
0.142857143 0.539548 0.237 3 
0.571428571 0.545286 0.08984 3 
0.714285714 0.507834 0.173 3 
0.857142857 0.580782 0.208 3 
0.142857143 0.335024 0.01182 3 
0.142857143 0.739768 0.0866 2 
0.142857143 0.73787 0.257 2 
0.142857143 0.682002 0.237 2 
0.142857143 0.513626 0.221 2 
0.142857143 0.727566 0.258 2 
0.142857143 0.45228 0.123 2 
0.428571429 0.590398 0.124 2 
0.714285714 0.886632 0.264 2 
0.142857143 0.492818 0.269 2 
0.142857143 0.44104 0.299 2 
0.571428571 0.518098 0.206 2 
0.142857143 0.702624 0.294 2 
0.142857143 0.456756 0.286 2 
0.428571429 0.522722 0.29 1 
0.142857143 0.772496 0.318 1 
0.142857143 0.518606 0.353 1 
0.142857143 0.724482 0.48 1 
0.142857143 0.523272 0.03439 0 
0.142857143 0.691626 0.03068 0 
0.428571429 0.416042 0.01034 0 
0.142857143 0.534986 0.05739 0 
0.142857143 0.486738 0.03873 0 
0.142857143 0.422716 0.03942 0 
0.142857143 0.44983 0.04488 0 
0.142857143 0.41696 0.08065 3 
0.571428571 0.646806 0.03476 3 
0.142857143 0.777664 0.0294 3 
0.142857143 0.301752 0.05073 3 
0.142857143 0.672244 0.11 3 
0.285714286 0.500852 0.117 3 
0.571428571 0.622808 0.104 3 
0.142857143 0.294522 0.0494 3 
0.571428571 0.643882 0.07637 3 
0.142857143 0.642844 0.129 3 
0.714285714 0.776476 0.06793 3 
0.285714286 0.27601 0.117 3 
0.142857143 0.476632 0.118 3 
0.142857143 0.588696 0.107 3 
0.142857143 0.73514 0.151 3 
0.142857143 0.478876 0.14 3 
0.142857143 0.449204 0.334 3 
0.285714286 0.64491 0.707 2 
0.428571429 0.576006 0.181 2 
0.142857143 0.59665 0.259 2 
0.428571429 0.615368 0.193 2 
0.571428571 0.537698 0.315 2 
0.571428571 0.633524 0.262 2 
0.714285714 0.439882 0.353 2 
0.142857143 0.59303 0.261 2 
0.571428571 0.733034 0.175 2 
0.571428571 0.614114 0.388 1 
0.857142857 0.654588 0.472 1 
0.571428571 0.394074 0.444 1 
0.285714286 0.64224 0.324 1 
0.142857143 0.315094 0.01806 0 
0.142857143 0.721676 0.03935 0 
0.142857143 0.87034 0.0272 0 
0.142857143 0.381822 0.05932 0 
0.142857143 0.622372 0.02182 0 
0.142857143 0.379378 0.02878 0 
0.142857143 0.429306 0.07905 0 
0.142857143 0.592242 0.02562 0 
0.714285714 0.529894 0.06001 3 
0.142857143 0.79398 0.03252 3 
0.142857143 0.431742 0.11 3 
0.142857143 0.391872 0.09901 3 
0.571428571 0.486266 0.04535 3 
0.428571429 0.405006 0.05114 3 
0.142857143 0.365592 0.07152 3 
0.142857143 0.511288 0.213 3 
0.142857143 0.544268 0.05975 3 
0.142857143 0.652814 0.166 3 
0.285714286 0.4299 0.143 3 
0.142857143 0.445386 0.07527 3 
0.142857143 0.48507 0.222 3 
0.142857143 0.44636 0.215 3 
0.142857143 0.53708 0.06965 2 
0.142857143 0.475514 0.248 2 
0.285714286 0.582052 0.205 2 
0.142857143 0.597918 0.275 2 
0.142857143 0.659358 0.176 2 
0.285714286 0.65762 0.266 2 
0.714285714 0.440546 0.328 2 
0.714285714 0.578534 0.757 2 
0.285714286 0.518162 0.249 1 
0.142857143 0.6228 0.30099 1 
0.142857143 0.494158 0.232 1 
0.142857143 0.46148 0.08258 3 
0.142857143 0.44852 0.08905 3 
0.142857143 0.46284 0.09471 3 
0.142857143 0.566812 0.04376 3 
0.142857143 0.465926 0.04915 3 
0.142857143 0.577128 0.06496 3 
0.142857143 0.613046 0.217 3 
0.142857143 0.643538 0.161 3 
0.142857143 0.63531 0.0584 3 
0.428571429 0.750804 0.169 3 
0.571428571 0.447178 0.147 3 
0.142857143 0.496854 0.183 3 
0.142857143 0.718518 0.08387 3 
0.142857143 0.423246 0.09831 3 
0.142857143 0.574622 0.171 3 
0.714285714 0.688622 0.287 3 
0.142857143 0.533698 0.22 2 
0.714285714 0.478758 0.155 2 
0.142857143 0.306302 0.222 2 
0.142857143 0.573298 0.07764 2 
0.428571429 0.69343 0.435 2 
0.142857143 0.59052 0.193 2 
0.714285714 0.725432 0.158 2 
0.428571429 0.654316 0.126 2 
0.142857143 0.449212 0.192 2 
0.571428571 0.448884 0.351 2 
0.142857143 0.503122 0.229 2 
0.714285714 0.548132 0.174 2 
0.571428571 0.544168 0.25299 2 
0.714285714 0.54092 0.09888 2 
0.142857143 0.744136 0.13899 2 
0.142857143 0.434878 0.304 2 
0.142857143 0.388492 0.04395 2 
0.142857143 0.962328 0.22 2 
0.857142857 0.454724 0.877 2 
0.714285714 0.550826 0.389 2 
0.714285714 0.403946 0.342 1 
0.714285714 0.597264 0.461 1 
0.714285714 0.63539 0.486 1 
0.142857143 0.67239 0.516 1 
0.714285714 0.709538 0.708 1 
0.714285714 0.680066 0.689 1 
0.571428571 0.559502 1.074 1 
0.571428571 0.532122 0.597 1 
0.857142857 0.574052 1.703 1 
0.142857143 0.38502 0.05179 0 
0.285714286 0.308064 0.02438 0 
0.142857143 0.418318 0.0146 0 
0.142857143 0.6099 0.115 0 
0.571428571 0.36198 0.103 0 
0.142857143 0.471284 0.05563 0 
0.428571429 0.551072 0.02376 0 
0.142857143 0.705946 0.01454 0 
0.285714286 0.442654 0.0299 0 
0.142857143 0.595708 0.08746 0 
0.571428571 0.615438 0.05451 0 
0.285714286 0.208402 0.04388 3 
0.428571429 0.461444 0.132 3 
0.142857143 0.500752 0.02055 3 
0.142857143 0.614026 0.06513 3 
0.714285714 0.506334 0.04895 3 
0.142857143 0.58646 0.09104 3 
0.571428571 0.561018 0.116 3 
0.142857143 0.544336 0.05959 3 
0.714285714 0.673366 0.07071 3 
0.142857143 0.422108 0.123 3 
0.142857143 0.323038 0.106 3 
0.142857143 0.429102 0.155 3 
0.571428571 0.849228 0.131 3 
0.142857143 0.38527 0.132 2 
0.857142857 0.678616 0.146 2 
0.714285714 0.814048 0.247 2 
0.571428571 0.37262 0.122 2 
0.142857143 0.66813 0.173 2 
0.857142857 0.542636 0.358 2 
0.142857143 0.624672 0.222 2 
0.714285714 0.452144 0.235 2 
0.571428571 0.447762 0.641 2 
0.714285714 0.642602 0.206 2 
0.142857143 0.518244 0.323 2 
0.714285714 0.437708 0.16299 2 
0.142857143 0.465132 0.32 1 
0.428571429 0.641818 0.386 1 
0.285714286 0.624862 0.04887 0 
0.142857143 0.532184 0.02881 0 
0.285714286 0.374876 0.03142 0 
0.142857143 0.634066 0.02673 0 
0.142857143 0.238198 0.02376 0 
0.571428571 0.36877 0.02574 0 
0.285714286 0.429414 0.03201 0 
0.142857143 0.377442 0.04716 0 
0.142857143 0.424786 0.02197 0 
0.142857143 0.528834 0.06824 3 
0.142857143 0.513414 0.09881 3 
0.571428571 0.844344 0.142 3 
0.142857143 0.462994 0.08473 3 
0.285714286 0.457898 0.0552 3 
0.571428571 0.458644 0.124 3 
0.142857143 0.501512 0.05671 3 
0.714285714 0.487962 0.06916 3 
0.142857143 0.47243 0.04238 3 
0.142857143 0.526554 0.01886 3 
0.142857143 0.469248 0.177 3 
0.142857143 0.452372 0.06004 3 
0.714285714 0.415922 0.09211 3 
0.428571429 0.467294 0.09682 3 
0.428571429 0.702204 0.06114 3 
0.142857143 0.704122 0.03302 3 
0.714285714 0.456246 0.13899 3 
0.142857143 0.467762 0.07416 3 
0.428571429 0.537528 0.177 3 
0.428571429 0.79459 0.0725 3 
0.142857143 0.412012 0.115 3 
0.714285714 0.343928 0.08227 3 
0.714285714 0.394866 0.204 3 
0.714285714 0.522984 0.261 2 
0.428571429 0.676504 0.364 2 
0.142857143 0.654744 0.206 2 
0.142857143 0.50915 0.179 2 
0.142857143 0.627868 0.247 2 
0.142857143 0.391548 0.257 2 
0.142857143 0.389818 0.188 2 
0.571428571 0.992554 0.27799 2 
0.428571429 0.442134 0.444 2 
0.142857143 0.563882 0.243 2 
0.142857143 0.449922 0.18 2 
0.142857143 0.663564 0.27599 2 
0.142857143 0.321382 0.302 1 
0.714285714 0.588614 0.31 1 
0.571428571 0.535726 0.924 1 
0.571428571 0.677822 0.05575 0 
0.142857143 0.48316 0.01675 0 
0.142857143 0.339146 0.01658 0 
0.142857143 0.255914 0.02988 0 
0.142857143 0.420526 0.04497 0 
0.142857143 0.705918 0.01177 0 
0.142857143 0.374296 0.00218 0 
0.714285714 0.549824 0.02924 0 
0.714285714 0.60377 0.423 0 
0.142857143 0.372078 0.04568 3 
0.142857143 0.66411 0.08267 3 
0.142857143 0.588432 0.04122 3 
0.142857143 0.339834 0.06117 3 
0.142857143 0.337658 0.04296 3 
0.714285714 0.436714 0.04817 3 
0.857142857 0.362138 0.07668 3 
0.285714286 0.736812 0.09984 3 
0.142857143 0.712274 0.07644 3 
0.142857143 0.467582 0.06955 3 
0.428571429 0.614952 0.09031 3 
0.571428571 0.545272 0.06823 3 
0.142857143 0.44614 0.01488 3 
0.571428571 0.298146 0.08419 3 
0.142857143 0.446534 0.08601 3 
0.142857143 0.5284 0.01728 3 
0.142857143 0.599046 0.04589 3 
0.285714286 0.537548 0.04245 3 
0.142857143 0.605048 0.04275 3 
0.571428571 0.357942 0.06353 3 
0.142857143 0.441038 0.17 3 
0.571428571 0.537488 0.162 3 
0.142857143 0.585178 0.0378 3 
0.428571429 0.65886 0.252 2 
0.142857143 0.572594 0.125 2 
0.571428571 0.60756 0.19 2 
0.714285714 0.633952 0.505 2 
0.714285714 0.640842 0.275 2 
0.285714286 0.617106 0.23 2 
0.142857143 0.421264 0.455 2 
0.857142857 0.551074 0.296 2 
0.142857143 0.519506 0.244 2 
0.571428571 0.46815 0.43099 2 
0.714285714 0.576854 0.336 1 
0.142857143 0.515526 0.398 1 
0.428571429 0.426618 0.332 1 
0.142857143 0.42976 0.41 1 
0.142857143 0.447666 0.03104 0 
0.714285714 0.640572 0.04181 0 
0.142857143 0.452904 0.036 0 
0.142857143 0.357334 0.00951 0 
0.142857143 0.41286 0.06862 0 
0.285714286 0.574 0.06256 0 
0.142857143 0.835912 0.03018 3 
0.142857143 0.56305 0.061 3 
0.142857143 0.511842 0.03758 3 
0.142857143 0.492346 0.169 3 
0.142857143 0.416846 0.115 3 
0.285714286 0.541258 0.06606 3 
0.142857143 0.64217 0.11399 3 
0.714285714 0.513212 0.214 3 
0.428571429 0.342796 0.07228 3 
0.142857143 0.572508 0.24 3 
0.714285714 0.578116 0.263 2 
0.857142857 0.628036 0.168 2 
0.857142857 0.503316 0.231 2 
0.142857143 0.47426 0.341 2 
1 0.840246 0.245 2 
0.428571429 0.59973 0.27599 2 
0.142857143 0.35771 0.01464 0 
0.142857143 0.506796 0.03148 0 
0.142857143 0.43725 0.02806 0 
0.142857143 0.53955 0.03615 0 
0.571428571 0.355854 0.05396 0 
0.285714286 0.455556 0.01711 0 
0.142857143 0.427626 0.08232 0 
0.142857143 0.543748 0.103 0 
0.142857143 0.41532 0.05367 0 
0.142857143 0.336952 0.288 0 
0.142857143 0.543834 0.06449 0 
0.571428571 0.36832 0.0158 3 
0.142857143 0.457478 0.08703 3 
0.142857143 0.47782 0.02869 3 
0.142857143 0.359314 0.06529 3 
0.142857143 0.4096 0.07136 3 
0.142857143 0.53012 0.06839 3 
0.142857143 0.67761 0.157 3 
0.142857143 0.514544 0.05811 3 
0.142857143 0.48451 0.0441 3 
0.142857143 0.489894 0.09103 3 
0.142857143 0.45149 0.05694 3 
0.142857143 0.2616 0.11399 3 
0.142857143 0.53007 0.256 3 
0.142857143 0.410352 0.124 3 
0.714285714 0.569312 0.237 3 
0.142857143 0.756864 0.21 3 
0.142857143 0.470258 0.197 2 
0.142857143 0.480044 0.04636 2 
0.142857143 0.460762 0.30099 2 
0.142857143 0.598282 0.23 2 
0.714285714 0.674852 0.237 2 
0.428571429 0.512618 0.243 2 
0.571428571 0.48557 0.168 2 
0.571428571 0.683954 0.242 2 
0.571428571 0.636468 0.317 2 
0.571428571 0.449336 0.173 2 
0.142857143 0.65185 0.348 2 
0.142857143 0.473096 0.263 2 
0.714285714 0.515702 0.07275 2 
0.571428571 0.572418 0.317 1 
0.142857143 0.377408 0.0297 0 
0.142857143 0.336922 0.232 0 
0.142857143 0.579592 0.0862 0 
0.142857143 0.57729 0.06227 0 
0.142857143 0.752746 0.02097 0 
0.142857143 0.50228 0.033 0 
0.428571429 0.53281 0.01426 0 
0.142857143 0.353312 0.02102 0 
0.142857143 0.515386 0.07521 3 
0.142857143 0.55186 0.02492 3 
0.142857143 0.46007 0.164 3 
0.714285714 0.634768 0.05208 3 
0.428571429 0.43629 0.03382 3 
0.142857143 0.508432 0.08384 3 
0.142857143 0.547588 0.128 3 
0.142857143 0.656556 0.03943 3 
0.142857143 0.425016 0.05387 3 
0.714285714 0.475444 0.06525 3 
0.142857143 0.448236 0.184 3 
0.571428571 0.575726 0.146 3 
0.571428571 0.623794 0.144 3 
0.142857143 0.7242 0.01247 3 
0.857142857 0.72561 0.141 3 
0.714285714 0.313494 0.25 2 
0.142857143 0.340032 0.262 2 
0.571428571 0.848506 0.256 2 
0.142857143 0.61519 0.305 2 
0.714285714 0.491144 0.423 2 
0.571428571 0.582088 0.327 2 
0.571428571 0.384952 0.28 2 
0.142857143 0.535644 0.20099 2 
0.428571429 0.563074 0.268 2 
0.142857143 0.62561 0.343 2 
0.142857143 0.573216 0.426 2 
0.571428571 0.813172 0.413 2 
0.714285714 0.670154 0.40599 2 
0.714285714 0.575468 0.3 1 
0.142857143 0.44278 1.053 1 
0.714285714 0.395426 0.368 1 
0.142857143 0.548154 0.02118 0 
0.142857143 0.323414 0.00487 0 
0.428571429 0.616312 0.0294 0 
0.142857143 0.494606 0.06754 3 
0.571428571 0.441966 0.06418 3 
0.142857143 0.428402 0.09274 3 
0.142857143 0.489264 0.131 2 
0.142857143 0.613634 0.242 2 
0.142857143 0.400622 0.62699 1 
0.142857143 0.352756 0.06209 3 
0.428571429 0.600258 0.07041 3 
0.142857143 0.52791 0.0418 3 
0.142857143 0.394982 0.20299 3 
0.571428571 0.35216 0.06527 3 
0.142857143 0.517972 0.155 3 
0.142857143 0.552322 0.05909 3 
0.285714286 0.488272 0.05529 3 
0.142857143 0.582436 0.16299 3 
0.571428571 0.488976 0.151 3 
0.142857143 0.528128 0.05065 3 
0.142857143 0.48722 0.179 3 
0.142857143 0.540932 0.121 3 
0.714285714 0.438162 0.282 3 
0.142857143 0.786602 0.148 2 
0.142857143 0.439766 0.189 2 
0.571428571 0.60885 0.155 2 
0.142857143 0.345996 0.09475 2 
0.142857143 0.585978 0.08712 2 
0.142857143 0.862116 0.17 2 
0.142857143 0.648464 0.09773 2 
0.142857143 0.452196 0.243 2 
0.142857143 0.563898 0.212 2 
0.857142857 0.577496 0.157 2 
0.142857143 0.41967 0.221 2 
0.571428571 0.395238 0.169 2 
0.285714286 0.468268 0.191 2 
0.142857143 0.548416 0.27599 2 
0.428571429 0.467506 0.351 2 
0.571428571 0.745384 0.344 2 
0.142857143 0.3846 0.299 2 
0.857142857 0.717498 0.188 2 
0.428571429 0.593306 0.362 2 
0.714285714 0.577582 0.291 2 
0.714285714 0.573082 0.308 2 
0.857142857 0.427894 0.40199 2 
0.571428571 0.62353 0.24 2 
0.285714286 0.584442 0.313 2 
0.571428571 0.52733 0.244 2 
0.714285714 0.712106 0.43 2 
0.571428571 0.546266 0.30299 1 
0.142857143 0.644552 0.231 1 
0.714285714 0.465802 0.762 1 
0.714285714 0.822882 0.603 1 
0.142857143 0.648446 0.607 1 
0.285714286 0.857268 1.16 1 
0.714285714 0.39311 0.766 1 
0.142857143 0.586804 1.013 1 
0.714285714 0.647676 0.625 1 
0.714285714 0.634058 1.198 1 
1 0.439488 2.253 1 
0.571428571 0.520556 0.01682 0 
0.142857143 0.478512 0.02114 0 
0.142857143 0.391824 0.02488 0 
0.571428571 0.36081 0.03656 0 
0.142857143 0.60683 0.01097 0 
0.142857143 0.36879 0.01635 0 
0.142857143 0.490828 0.03561 0 
0.142857143 0.527408 0.0616 0 
0.142857143 0.27474 0.02518 0 
0.142857143 0.535372 0.0703 0 
0.142857143 0.441124 0.02453 3 
0.142857143 0.53014 0.11399 3 
0.142857143 0.31223 0.04358 3 
0.142857143 0.525166 0.107 3 
0.142857143 0.639846 0.04259 3 
0.142857143 0.492232 0.02842 3 
0.571428571 0.304656 0.102 3 
0.142857143 0.524936 0.07498 3 
0.142857143 0.741468 0.05488 3 
0.142857143 0.524334 0.135 3 
0.142857143 0.841178 0.06576 3 
0.714285714 0.794782 0.199 3 
0.142857143 0.412028 0.14 2 
0.142857143 0.698658 0.353 2 
0.285714286 0.66542 0.249 2 
0.142857143 0.733294 0.23 2 
0.142857143 0.631422 0.369 2 
0.142857143 0.645422 0.315 2 
0.714285714 0.558924 0.298 2 
0.285714286 0.526882 0.489 2 
0.142857143 0.616096 0.20099 2 
0.142857143 0.409372 0.437 2 
0.285714286 0.39599 0.178 2 
0.857142857 0.424982 0.192 2 
0.142857143 0.452274 0.355 1 
0.142857143 0.47907 0.25 1 
0.714285714 0.461508 0.281 1 
0.714285714 0.489278 0.538 1 
0.142857143 0.314732 0.06798 0 
0.142857143 0.634178 0.05236 0 
0.428571429 0.323334 0.01561 0 
0.142857143 0.441042 0.07807 0 
0.285714286 0.545924 0.08026 0 
0.142857143 0.39036 0.05006 0 
0.142857143 0.47855 0.08167 0 
0.714285714 0.375408 0.0468 0 
0.142857143 0.63014 0.06909 3 
0.571428571 0.400402 0.02497 3 
0.142857143 0.848002 0.01291 3 
0.142857143 0.463436 0.06814 3 
0.142857143 0.40906 0.149 3 
0.714285714 0.667722 0.15 3 
0.714285714 0.565988 0.323 3 
0.142857143 0.636256 0.05691 3 
0.142857143 0.568676 0.08919 3 
0.142857143 0.421774 0.06261 3 
0.142857143 0.652864 0.07091 3 
0.142857143 0.819492 0.133 3 
0.714285714 0.447332 0.103 3 
0.714285714 0.626276 0.196 3 
0.142857143 0.517232 0.292 3 
0.142857143 0.456808 0.103 3 
0.714285714 0.636428 0.171 2 
0.142857143 0.453274 0.25099 2 
0.714285714 0.558316 0.333 2 
0.142857143 0.713004 0.202 2 
0.714285714 0.52806 0.22599 2 
0.714285714 0.619846 0.317 2 
0.571428571 0.7782 0.28 2 
0.142857143 0.492254 0.464 2 
0.142857143 0.649712 0.349 2 
0.285714286 0.383198 0.283 2 
0.428571429 0.561732 0.365 2 
0.714285714 0.561628 0.2 1 
0.142857143 0.73667 0.0204 0 
0.142857143 0.411604 0.02058 0 
0.142857143 0.426782 0.0177 0 
0.142857143 0.527278 0.04883 0 
0.142857143 0.398606 0.05075 0 
0.714285714 0.463018 0.0408 0 
0.142857143 0.359322 0.03891 0 
0.142857143 0.428792 0.00848 0 
0.142857143 0.38529 0.03284 0 
0.142857143 0.42186 0.00462 0 
0.142857143 0.31376 0.02445 0 
0.142857143 0.439836 0.04359 0 
0.285714286 0.329294 0.01633 0 
0.142857143 0.489084 0.07862 0 
0.142857143 0.525792 0.0438 0 
0.142857143 0.578654 0.00471 0 
0.142857143 0.452286 0.07319 0 
0.142857143 0.383736 0.02459 3 
0.857142857 0.77939 0.07762 3 
0.142857143 0.776966 0.142 3 
0.142857143 0.360228 0.02689 3 
0.428571429 0.571328 0.11299 3 
0.142857143 0.61998 0.06995 3 
0.142857143 0.786352 0.00692 3 
0.142857143 0.394244 0.08716 3 
0.142857143 0.765522 0.124 3 
0.142857143 0.298182 0.03416 3 
0.571428571 0.646694 0.04621 3 
0.142857143 0.268334 0.07217 3 
0.142857143 0.47906 0.234 3 
0.285714286 0.637098 0.02021 3 
0.714285714 0.556526 0.662 3 
0.142857143 0.398044 0.12 3 
0.571428571 0.406892 0.02798 3 
0.142857143 0.423952 0.04279 3 
0.285714286 0.299994 0.771 3 
0.571428571 0.488748 0.188 3 
0.142857143 0.625882 0.15 3 
0.142857143 0.770958 0.127 3 
0.714285714 0.545952 0.08407 3 
0.142857143 0.404314 0.127 3 
0.142857143 0.415866 0.23 3 
0.142857143 0.50628 0.212 2 
0.142857143 0.677722 0.20299 2 
0.571428571 0.53735 0.213 2 
0.571428571 0.526598 0.241 2 
0.142857143 0.433288 0.236 2 
0.142857143 0.465164 0.256 2 
0.714285714 0.475934 0.397 2 
0.142857143 0.52015 0.32 2 
0.142857143 0.575558 0.345 2 
0.142857143 0.583814 0.202 2 
0.142857143 0.408154 0.439 1 
0.571428571 0.423748 0.634 1 
0.571428571 0.51876 0.624 1 
0.571428571 0.40638 0.02055 0 
0.142857143 0.570326 0.09667 0 
0.142857143 0.367356 0.02105 0 
0.142857143 0.602194 0.02884 0 
0.142857143 0.386464 0.02515 0 
0.142857143 0.323526 0.01282 0 
0.142857143 0.56349 0.06631 0 
0.142857143 0.567252 0.00934 0 
0.142857143 0.361834 0.06292 0 
0.142857143 0.37333 0.05696 3 
0.428571429 0.600782 0.08211 3 
0.142857143 0.308702 0.02824 3 
0.714285714 0.94263 0.128 3 
0.142857143 0.575106 0.173 3 
0.571428571 0.457298 0.109 3 
0.428571429 0.633308 0.11399 3 
0.142857143 0.498482 0.183 3 
0.571428571 0.625242 0.102 3 
0.142857143 0.497166 0.243 3 
0.857142857 0.73961 0.129 3 
0.142857143 0.517262 0.05905 3 
0.285714286 0.583726 0.08402 3 
0.714285714 0.468362 0.08074 3 
0.571428571 0.28125 0.147 2 
0.428571429 0.633784 0.217 2 
0.714285714 0.81185 0.417 2 
0.714285714 0.463744 0.184 2 
0.428571429 0.660572 0.305 2 
0.142857143 0.783412 0.26 2 
0.142857143 0.696344 0.357 2 
0.857142857 0.393184 0.282 2 
0.714285714 0.606846 0.244 2 
0.714285714 0.634388 0.542 2 
0.142857143 0.607234 0.346 2 
0.142857143 0.303684 0.00793 3 
0.142857143 0.287662 0.07044 3 
0.142857143 0.532888 0.111 3 
0.142857143 0.55728 0.14 3 
0.142857143 0.475838 0.07031 3 
0.571428571 0.589816 0.09472 3 
0.714285714 0.560982 0.129 3 
0.142857143 0.414452 0.172 3 
0.714285714 0.42395 0.116 3 
0.571428571 0.420584 0.122 3 
0.142857143 0.520222 0.07515 3 
0.142857143 0.489416 0.07349 3 
0.571428571 0.323946 0.383 3 
0.142857143 0.553848 0.146 3 
0.142857143 0.314986 0.01834 3 
0.142857143 0.535364 0.243 3 
0.142857143 0.494602 0.325 2 
0.285714286 0.3187 0.212 2 
0.142857143 0.546072 0.243 2 
0.571428571 0.489424 0.07785 2 
0.571428571 0.745094 0.836 2 
0.142857143 0.470388 0.266 2 
0.142857143 0.43064 0.434 2 
0.714285714 0.551748 0.325 2 
0.285714286 0.645032 0.298 2 
0.142857143 0.416498 0.49 2 
0.714285714 0.454856 0.277 2 
0.857142857 0.49421 0.523 2 
0.142857143 0.716386 0.37 2 
0.857142857 0.67561 0.265 2 
0.142857143 0.415622 0.417 2 
0.571428571 0.495032 0.261 1 
1 0.60776 0.881 1 
0.142857143 0.552318 0.349 1 
0.571428571 0.569924 0.675 1 
0.142857143 0.514614 0.751 1 
0.714285714 0.35589 0.827 1 
1 0.638836 1.701 1 
0.142857143 0.64766 0.111 3 
0.142857143 0.62038 0.2 3 
0.142857143 0.431614 0.125 3 
0.142857143 0.53763 0.11 3 
0.142857143 0.522422 0.177 3 
0.714285714 0.461018 0.13899 2 
0.142857143 0.423462 0.137 2 
0.142857143 0.436852 0.08636 2 
0.142857143 0.536132 0.145 2 
0.285714286 0.711356 0.677 2 
0.142857143 0.547602 0.162 2 
0.714285714 0.949466 0.08835 2 
0.714285714 0.451576 0.175 2 
0.142857143 0.527992 0.154 2 
0.142857143 0.913836 0.146 2 
0.142857143 0.519894 0.174 2 
0.571428571 0.509598 0.263 2 
0.571428571 0.563848 0.30099 2 
0.142857143 0.398122 0.231 2 
0.857142857 0.4833 0.32599 2 
0.142857143 0.658562 0.295 2 
0.714285714 0.663096 0.45599 2 
0.142857143 0.487664 0.248 2 
0.142857143 0.39334 0.3 2 
0.857142857 0.666948 0.352 2 
0.571428571 0.628642 0.305 2 
0.571428571 0.59552 0.299 2 
0.714285714 0.498224 0.376 1 
0.714285714 0.54751 0.422 1 
0.142857143 0.55671 0.373 1 
0.714285714 0.53859 0.494 1 
0.142857143 0.61852 0.424 1 
0.142857143 0.942074 0.268 1 
0.714285714 0.496602 0.655 1 
0.428571429 0.465182 1.081 1 
0.714285714 0.581596 0.443 1 
0.142857143 0.590932 0.416 1 
0.714285714 0.511244 0.547 1 
0.142857143 0.500426 0.563 1 
0.142857143 0.6118 0.04433 0 
0.571428571 0.625818 0.02999 0 
0.142857143 0.535212 0.01607 0 
0.714285714 0.517034 0.02893 0 
0.142857143 0.520324 0.07416 0 
0.142857143 0.907576 0.07149 0 
0.428571429 0.56326 0.07568 3 
0.142857143 0.667904 0.10802 3 
0.714285714 0.45418 0.20931 3 
0.142857143 0.541502 0.03334 3 
0.428571429 0.629256 0.04985 3 
0.142857143 0.61843 0.01471 3 
0.142857143 0.540202 0.07821 3 
0.142857143 0.623244 0.08849 3 
0.142857143 0.665176 0.10351 3 
0.142857143 0.846918 0.07686 3 
0.142857143 0.4644 0.06569 3 
0.142857143 0.575404 0.10714 3 
0.142857143 0.554688 0.18725 3 
0.142857143 0.505772 0.05252 3 
0.142857143 0.625162 0.22857 3 
0.571428571 0.746008 0.14855 3 
0.142857143 0.677134 0.08191 2 
0.142857143 0.67583 0.14795 2 
0.142857143 0.5152 0.1416 2 
0.714285714 0.457142 0.20287 2 
0.142857143 0.388866 0.19111 2 
0.142857143 0.694022 0.15101 2 
0.571428571 0.602496 0.20938 2 
0.142857143 0.57445 0.21515 2 
0.142857143 0.763404 0.37141 1 
0.714285714 0.5448 0.51543 1 
0.142857143 0.446066 0.02545 3 
0.142857143 0.56279 0.06492 3 
0.142857143 0.447126 0.00919 3 
0.142857143 0.502716 0.03752 3 
0.142857143 0.674022 0.05127 3 
0.142857143 0.65543 0.05834 3 
0.142857143 0.53148 0.10555 3 
0.142857143 0.524026 0.19138 3 
0.857142857 0.465664 0.54465 3 
0.142857143 0.651634 0.14274 3 
0.142857143 0.44561 0.20578 3 
0.285714286 0.700696 0.16487 2 
0.142857143 0.65229 0.15366 2 
0.142857143 0.543582 0.27207 2 
0.142857143 0.647674 0.11575 2 
0.142857143 0.58471 0.19234 2 
0.571428571 0.534182 0.10222 2 
0.142857143 0.714418 0.18594 2 
0.714285714 0.448372 0.22655 2 
0.142857143 0.542848 0.31616 2 
0.142857143 0.56383 0.30247 2 
0.714285714 0.484816 0.2189 2 
0.571428571 0.556692 0.20054 2 
0.714285714 0.445832 0.22298 2 
0.571428571 0.49833 1.30889 2 
0.428571429 0.626062 0.19466 2 
0.571428571 0.570456 0.3545 2 
0.714285714 0.506718 1.34105 2 
0.571428571 0.421774 0.35383 1 
0.714285714 0.539878 0.41373 1 
0.714285714 0.439034 0.29771 1 
0.142857143 0.56875 0.26517 1 
0.714285714 0.773782 0.52639 1 
0.142857143 0.523346 0.63744 1 
0.142857143 0.701982 1.02705 1 
0.857142857 0.674006 1.55179 1 
0.714285714 0.5575 0.80086 1 
0.428571429 0.4746 0.02867 0 
0.142857143 0.46139 0.01065 0 
0.142857143 0.655852 0.10409 0 
0.142857143 0.595724 0.12677 0 
0.142857143 0.535728 0.02093 0 
0.142857143 0.621504 0.05719 0 
0.142857143 0.972064 0.02685 0 
0.142857143 0.685052 0.0463 0 
0.142857143 0.605292 0.01816 0 
0.142857143 0.729102 0.00659 0 
0.571428571 0.688632 0.05743 0 
0.571428571 0.763298 0.08165 0 
0.142857143 0.702912 0.05573 3 
0.142857143 0.630164 0.03136 3 
0.142857143 0.580258 0.02707 3 
0.142857143 0.365688 0.04392 3 
0.428571429 0.711008 0.02467 3 
0.571428571 0.305354 0.09132 3 
0.142857143 0.514798 0.08011 3 
0.142857143 0.583154 0.10473 3 
0.142857143 0.443554 0.03463 3 
0.142857143 0.347588 0.34718 3 
0.428571429 0.7874 0.17599 3 
0.571428571 0.456574 0.11585 3 
0.142857143 0.597174 0.16163 3 
0.142857143 0.4726 0.07899 3 
0.142857143 0.76162 0.71225 3 
0.142857143 0.944808 0.13382 3 
0.428571429 0.587746 0.09288 2 
0.428571429 0.68551 0.18816 2 
0.571428571 0.50386 0.15304 2 
0.571428571 0.630758 0.20445 2 
0.571428571 0.626776 0.24943 2 
0.142857143 0.687098 0.15012 2 
0.571428571 0.6674 0.16272 2 
0.142857143 0.427 0.26742 2 
0.142857143 0.753866 0.28274 2 
0.428571429 0.511598 0.28984 2 
0.142857143 0.4842 0.30866 2 
0.142857143 0.3876 0.25034 2 
0.142857143 0.579174 0.06256 0 
0.142857143 0.603422 0.03157 0 
0.142857143 0.483802 0.05919 0 
0.142857143 0.576912 0.03831 0 
0.428571429 0.685682 0.07533 0 
0.142857143 0.494804 0.03224 0 
0.142857143 0.62871 0.04448 0 
0.142857143 0.803468 0.0352 0 
0.142857143 0.578402 0.02713 3 
0.714285714 0.602888 0.15336 3 
0.142857143 0.564506 0.16965 3 
0.142857143 0.576812 0.39651 1 
0.571428571 0.628212 0.66844 1 
0.142857143 0.495128 0.00872 0 
0.142857143 0.385026 0.0214 0 
0.142857143 0.568788 0.01633 0 
0.142857143 0.665996 0.08998 0 
0.142857143 0.652508 0.02818 0 
0.142857143 0.606694 0.05721 3 
0.142857143 0.428764 0.08713 3 
0.142857143 0.400562 0.05975 3 
0.142857143 0.419962 0.05129 3 
0.142857143 0.59227 0.01442 3 
0.571428571 0.431454 0.08073 3 
0.142857143 0.3734 0.04282 3 
0.142857143 0.685338 0.10066 3 
0.142857143 0.535132 0.10753 3 
0.571428571 0.538062 0.1394 3 
0.142857143 0.661868 0.1147 2 
0.714285714 0.438672 0.19442 2 
0.142857143 0.433738 0.17689 2 
0.571428571 0.500372 0.56186 1 
0.142857143 0.428946 0.04285 0 
0.142857143 0.40789 0.0134 0 
0.142857143 0.419468 0.03642 0 
0.142857143 0.5436 0.01978 0 
0.428571429 0.476692 0.02063 0 
0.142857143 0.365244 0.02325 0 
0.142857143 0.378464 0.0085 0 
0.142857143 0.43734 0.02736 0 
0.142857143 0.399346 0.0621 0 
0.142857143 0.54143 0.0248 3 
0.142857143 0.3322 0.05298 3 
0.142857143 0.455072 0.03757 3 
0.142857143 0.253598 0.03178 3 
0.142857143 0.515542 0.07344 3 
0.142857143 0.63715 0.073 3 
0.571428571 0.561094 0.04451 3 
0.142857143 0.688266 0.51077 3 
0.142857143 0.669598 0.06962 3 
0.142857143 0.3772 0.09069 3 
0.142857143 0.713064 0.12616 3 
0.142857143 0.359046 0.01078 3 
0.142857143 0.443004 0.35642 3 
0.428571429 0.492394 0.2301 3 
0.428571429 0.648198 0.2114 3 
0.142857143 0.5534 0.05958 3 
0.142857143 0.456966 0.17107 3 
0.571428571 0.798198 0.07179 2 
0.142857143 0.5516 0.13294 2 
0.142857143 0.5854 0.26225 2 
0.428571429 0.499246 0.19539 2 
0.428571429 0.680606 0.22631 2 
0.142857143 0.75555 0.22579 2 
0.571428571 0.5026 0.2228 2 
0.571428571 0.512694 0.18915 2 
0.571428571 0.478964 0.16721 2 
0.714285714 0.6642 0.32551 1 
0.714285714 0.541754 0.26997 1 
0.714285714 0.5112 0.26187 1 
0.142857143 0.4722 0.39243 1 
0.142857143 0.5032 0.38945 1 
0.142857143 0.541878 0.06713 3 
0.571428571 0.485034 0.16039 3 
0.142857143 0.506744 0.12302 3 
0.142857143 0.638754 0.10539 3 
0.571428571 0.681304 0.24853 3 
0.714285714 0.753726 0.23697 3 
0.142857143 0.622616 0.13593 2 
0.714285714 0.677576 0.18483 2 
0.142857143 0.3579 0.29816 2 
0.714285714 0.525998 0.14244 2 
0.714285714 0.540766 0.10568 2 
0.142857143 0.774394 0.19708 2 
0.285714286 0.554614 0.2494 2 
0.428571429 0.486248 0.25396 2 
0.857142857 0.460692 0.20873 2 
0.714285714 0.513366 0.16115 2 
0.142857143 0.476158 0.21205 2 
0.714285714 0.697154 0.32994 2 
0.714285714 0.48806 0.33938 2 
0.428571429 0.434354 0.23319 2 
0.428571429 0.471382 0.32005 2 
0.142857143 0.451802 0.34248 2 
0.714285714 0.582364 0.75882 1 
0.142857143 0.795722 0.30975 1 
0.857142857 0.626 0.62594 1 
0.142857143 0.799304 0.30832 1 
0.142857143 0.686164 0.36447 1 
0.142857143 0.8973 0.33055 1 
0.714285714 0.525672 0.51597 1 
0.714285714 0.53567 0.64098 1 
0.571428571 0.732988 0.99386 1 
0.571428571 0.52743 0.01252 0 
0.285714286 0.3371 0.02042 0 
0.142857143 0.631458 0.0411 0 
0.142857143 0.56678 0.03657 0 
0.285714286 0.613822 0.01123 0 
0.142857143 0.32895 0.01265 0 
0.142857143 0.5744 0.03996 0 
0.285714286 0.636776 0.01011 0 
0.142857143 0.4042 0.02635 0 
0.142857143 0.540986 0.02976 0 
0.142857143 0.558802 0.06433 0 
0.142857143 0.36765 0.01127 3 
0.142857143 0.635928 0.07673 3 
0.142857143 0.4504 0.04421 3 
0.142857143 0.527932 0.00433 3 
0.428571429 0.748466 0.03543 3 
0.142857143 0.534442 0.06715 3 
0.142857143 0.418846 0.01372 3 
0.142857143 0.58575 0.0476 3 
0.142857143 0.381 0.00296 3 
0.142857143 0.512752 0.03332 3 
0.142857143 0.51353 0.11899 3 
0.142857143 0.498806 0.0618 3 
0.142857143 0.77365 0.18317 2 
0.428571429 0.6092 0.18663 2 
0.428571429 0.673844 0.22477 2 
0.285714286 0.384976 0.18459 2 
0.142857143 0.602118 0.21424 2 
0.571428571 0.57888 0.23905 2 
0.714285714 0.506598 0.54883 2 
0.714285714 0.476142 0.64516 1 
0.142857143 0.580386 0.06664 0 
0.142857143 0.269356 0.01287 0 
0.142857143 0.484798 0.06644 0 
0.142857143 0.354 0.04226 0 
0.142857143 0.5542 0.04215 0 
0.142857143 0.3386 0.02657 0 
0.142857143 0.6028 0.0427 0 
0.142857143 0.4078 0.05729 0 
0.142857143 0.381 0.01052 0 
0.142857143 0.310534 0.0238 3 
0.142857143 0.940636 0.02706 3 
0.142857143 0.57924 0.03222 3 
0.142857143 0.449808 0.05612 3 
0.142857143 0.8558 0.00491 3 
0.142857143 0.535862 0.42992 3 
0.142857143 0.2636 0.03749 3 
0.142857143 0.6494 0.06612 3 
0.142857143 0.398928 0.02024 3 
0.142857143 0.568796 0.03212 3 
0.142857143 0.494492 0.109 3 
0.142857143 0.70247 0.04537 3 
0.714285714 0.510712 0.1554 3 
0.714285714 0.4546 0.05221 3 
0.142857143 0.647016 0.29139 3 
0.142857143 0.952912 0.05607 3 
0.428571429 0.548506 0.19891 2 
0.142857143 0.5188 0.16789 2 
0.142857143 0.6454 0.20021 2 
0.714285714 0.634934 0.11116 2 
0.142857143 0.448676 0.1608 2 
0.428571429 0.502 0.20127 2 
0.714285714 0.422016 0.20409 2 
0.142857143 0.46276 0.33421 2 
0.714285714 0.498962 0.31442 2 
0.142857143 0.48196 0.20718 2 
0.142857143 0.65288 0.1949 2 
0.142857143 0.643676 0.02028 0 
0.571428571 0.526902 0.22065 2 
0.571428571 0.497166 0.20699 2 
0.142857143 0.600492 0.0081 0 
0.142857143 0.379934 0.08591 0 
0.571428571 0.439118 0.06524 0 
0.142857143 0.4534 0.28039 2 
0.142857143 0.331654 0.01804 0 
0.428571429 0.57907 0.21565 2 
0.142857143 0.30348 0.00695 0 
0.142857143 0.391102 0.03814 0 
0.571428571 0.313076 0.02169 0 
0.714285714 0.6358 0.44857 1 
0.142857143 0.21462 0.00991 3 
0.142857143 0.474118 0.09292 0 
0.142857143 0.398418 0.0414 0 
0.285714286 0.512398 0.08988 3 
0.571428571 0.5502 0.22076 1 
0.142857143 0.451322 0.04504 0 
0.142857143 0.573444 0.02609 0 
0.142857143 0.32793 0.126 3 
0.142857143 0.670788 0.02212 0 
0.142857143 0.485062 0.01467 0 
0.142857143 0.519008 0.49801 1 
0.428571429 0.336092 0.02935 0 
0.571428571 0.513774 0.132 3 
0.142857143 0.409546 0.02357 0 
0.142857143 0.637222 0.02012 0 
0.571428571 0.636286 0.01786 0 
0.571428571 0.636286 0.01786 0 
0.571428571 0.537998 0.04656 3 
0.142857143 0.6554 1.4908 1 
0.142857143 0.467618 0.00782 0 
0.142857143 0.603904 0.00446 0 
0.142857143 0.426932 0.00597 3 
0.142857143 0.416606 0.05529 0 
0.571428571 0.659128 0.10253 3 
0.142857143 0.639982 0.164 3 
0.142857143 0.32718 0.02743 0 
0.142857143 0.457752 0.12316 3 
0.142857143 0.577364 0.02353 0 
0.142857143 0.97993 0.02304 0 
0.142857143 0.97993 0.02304 0 
0.142857143 0.23609 0.01148 0 
0.142857143 0.651616 0.00986 0 
0.142857143 0.50766 0.04353 3 
0.571428571 0.32228 0.264 0 
0.571428571 0.807604 0.04687 0 
0.571428571 0.807604 0.04687 0 
0.285714286 0.69757 0.16272 3 
0.142857143 0.382398 0.03545 0 
0.428571429 0.323072 0.161 3 
0.142857143 0.511896 0.0267 0 
0.142857143 0.386842 0.02391 0 
0.142857143 0.517142 0.01974 0 
0.142857143 0.428522 0.08452 3 
0.142857143 0.625544 0.158 0 
0.142857143 0.410474 0.04595 0 
0.142857143 0.62231 0.07822 3 
0.142857143 0.446 0.01952 0 
0.571428571 0.617044 0.09181 3 
0.142857143 0.68413 0.02283 0 
0.142857143 0.68413 0.02283 0 
0.142857143 0.488256 0.08403 3 
0.142857143 0.296398 0.01897 0 
0.142857143 1.461964 0.01513 0 
0.142857143 1.255262 0.04317 3 
0.142857143 0.445962 0.01028 0 
0.142857143 0.75198 0.252 0 
0.142857143 0.566472 0.03513 0 
0.142857143 0.581906 0.07721 3 
0.714285714 0.363458 0.09253 3 
0.142857143 0.542906 0.01754 0 
0.571428571 0.618384 0.01423 0 
0.142857143 0.61397 0.01115 0 
0.142857143 0.61397 0.01115 0 
0.142857143 0.477494 0.02819 3 
0.142857143 1.01086 0.00908 0 
0.142857143 0.461812 0.0105 0 
0.142857143 0.551348 0.01594 3 
0.142857143 0.465434 0.05334 0 
0.142857143 0.477068 0.04028 0 
0.142857143 0.67322 0.10739 3 
0.142857143 0.684578 0.0294 0 
0.142857143 0.372746 0.02235 0 
0.142857143 0.51885 0.02178 0 
0.142857143 0.51885 0.02178 0 
0.142857143 0.609818 0.06207 3 
0.142857143 0.554774 0.01542 0 
0.571428571 0.660576 0.04574 3 
0.142857143 0.666526 0.05838 3 
0.285714286 0.44524 0.00897 0 
0.142857143 0.284786 0.492 0 
0.142857143 0.6436 0.13676 0 
0.142857143 0.539772 0.09184 0 
0.142857143 0.539772 0.09184 0 
0.428571429 0.537702 0.0715 0 
0.142857143 0.51613 0.04668 0 
0.142857143 0.430076 0.01055 0 
0.142857143 0.737888 0.07623 3 
0.142857143 0.65791 0.03446 3 
0.142857143 0.35315 0.01228 0 
0.142857143 0.573072 0.03387 3 
0.142857143 0.642862 0.02721 3 
0.142857143 0.405138 0.06261 0 
0.428571429 0.534392 0.062 0 
0.142857143 0.307658 0.06365 0 
0.714285714 0.446492 0.25333 3 
0.142857143 0.756332 0.2108 3 
0.142857143 0.472146 0.11624 3 
0.142857143 1.005382 0.0308 0 
0.142857143 0.359362 0.02962 0 
0.428571429 0.288338 0.02193 0 
0.142857143 0.538958 0.131 3 
0.285714286 0.3532 0.02396 0 
0.285714286 0.3532 0.02396 0 
0.571428571 0.372388 0.17702 3 
0.142857143 0.68763 0.04331 0 
0.142857143 0.710638 0.04838 0 
0.142857143 0.569816 0.04136 0 
0.142857143 0.569816 0.04136 0 
0.142857143 0.514078 0.177 3 
0.142857143 0.632568 0.02972 0 
0.142857143 0.57227 0.02992 0 
0.142857143 0.560316 0.02268 0 
0.142857143 0.339524 0.00779 0 
0.142857143 0.359418 0.02675 3 
0.142857143 0.653406 0.60621 0 
0.142857143 0.481892 0.06052 0 
0.857142857 0.545994 0.2314 3 
0.142857143 0.338892 0.05202 0 
0.142857143 0.50051 0.04771 0 
0.285714286 0.619842 0.11235 3 
0.714285714 0.619542 0.07497 3 
0.142857143 0.49834 0.07521 3 
0.142857143 0.361512 0.0154 0 
0.142857143 0.511468 0.0145 0 
0.142857143 0.511468 0.0145 0 
0.142857143 0.301014 0.01461 0 
0.428571429 0.619586 0.10753 0 
0.142857143 0.42139 0.04525 0 
0.428571429 0.270984 0.04688 0 
0.142857143 0.451374 0.15139 3 
0.142857143 0.238246 0.05709 0 
0.142857143 0.657478 0.0342 0 
0.142857143 1.563638 0.0247 0 
0.142857143 0.574766 0.10922 3 
0.142857143 0.451306 0.02126 0 
0.142857143 0.714774 0.121 3 
0.142857143 0.384798 0.01365 0 
0.142857143 0.384798 0.01365 0 
0.142857143 0.540796 0.0379 3 
0.142857143 0.406708 0.00699 0 
0.142857143 0.710774 0.11778 3 
0.142857143 0.458668 0.03994 0 
0.142857143 0.661224 0.0505 3 
0.142857143 0.923048 0.15001 3 
0.428571429 0.521508 0.1378 3 
0.142857143 0.85346 0.01944 0 
0.142857143 0.453 0.03088 0 
0.285714286 0.3208 0.02365 0 
0.142857143 0.534 0.03612 0 
0.142857143 0.534 0.03612 0 
0.142857143 0.386296 0.02507 0 
0.142857143 0.563088 0.103 3 
0.142857143 0.562146 0.02041 0 
0.142857143 0.519934 0.00641 3 
0.142857143 0.468096 0.16521 3 
0.142857143 0.644594 0.08761 0 
0.142857143 0.499814 0.08721 3 
0.142857143 0.625632 0.03764 0 
0.714285714 0.572608 0.13246 3 
0.142857143 0.507588 0.03726 0 
0.142857143 0.556652 0.16402 3 
0.571428571 0.581616 0.04127 3 
0.142857143 0.893262 0.03304 0 
0.142857143 1.033238 0.03644 3 
0.142857143 1.033238 0.03644 3 
0.571428571 0.599094 0.10674 3 
0.142857143 0.488264 0.01615 0 
0.714285714 0.600322 0.109 2 
0.142857143 0.492348 0.108 3 
0.142857143 0.643134 0.09077 3 
0.428571429 0.692064 0.05605 3 
0.428571429 0.692064 0.05605 3 
0.142857143 0.355772 0.06753 3 
0.142857143 0.369862 0.04268 0 
0.142857143 0.49893 0.03329 0 
0.142857143 0.507794 0.01674 0 
0.428571429 0.545002 0.09186 3 
0.142857143 0.60447 0.01044 0 
0.142857143 0.602758 0.05118 2 
0.714285714 0.63537 0.30196 3 
0.142857143 0.667874 0.06792 0 
0.428571429 0.473688 0.08072 0 
0.142857143 0.682276 0.08142 3 
0.142857143 0.682276 0.08142 3 
0.142857143 0.456824 0.319 2 
0.428571429 0.506748 0.06182 3 
0.142857143 0.707968 0.15102 3 
0.142857143 0.40648 0.03563 3 
0.142857143 0.612018 0.06845 3 
0.142857143 0.258816 0.02739 3 
0.142857143 0.326536 0.01585 3 
0.142857143 0.511282 0.182 3 
0.142857143 0.436288 0.06635 0 
0.142857143 0.315246 0.103 3 
0.142857143 0.6116 0.05417 0 
0.714285714 0.607016 0.266 2 
0.428571429 0.450574 0.1376 3 
0.142857143 0.60375 0.05395 3 
0.142857143 0.60375 0.05395 3 
0.428571429 0.55453 0.05512 3 
0.142857143 0.313958 0.07159 3 
0.571428571 0.475134 0.16452 3 
0.142857143 0.64201 0.04358 3 
0.857142857 0.341274 0.11889 3 
0.142857143 0.285066 0.00657 0 
0.285714286 0.565282 0.247 3 
0.142857143 0.601828 0.15354 3 
0.142857143 0.747912 0.217 2 
0.714285714 0.551492 0.2147 2 
0.142857143 0.3418 0.04048 0 
0.571428571 0.539308 0.23885 2 
0.142857143 0.575634 0.10533 3 
0.142857143 0.83036 0.02424 0 
0.142857143 0.450438 0.03464 3 
0.142857143 0.450438 0.03464 3 
0.142857143 0.416866 0.02204 3 
0.142857143 0.391058 0.02567 3 
0.714285714 0.7034 0.10287 0 
0.285714286 0.71151 0.14 3 
0.142857143 0.6184 0.0919 3 
0.142857143 0.450608 0.07283 3 
0.142857143 0.401038 0.06305 3 
0.571428571 0.403364 0.26976 2 
0.142857143 0.3198 0.04429 3 
0.142857143 0.3198 0.04429 3 
0.714285714 0.512066 0.21901 2 
0.428571429 0.373098 0.01974 0 
0.142857143 0.68359 0.178 2 
0.428571429 0.536582 0.02781 3 
0.142857143 0.571798 0.02849 3 
0.142857143 0.7394 0.14151 3 
0.142857143 0.7394 0.14151 3 
0.571428571 0.491008 0.06426 0 
0.142857143 0.410722 0.126 3 
0.142857143 0.649868 0.15146 3 
0.714285714 0.553528 0.05299 3 
0.142857143 0.623078 0.271 2 
0.571428571 1.015146 0.06074 3 
0.142857143 0.723866 0.03283 0 
0.857142857 0.463478 0.24069 2 
0.142857143 0.700438 0.0612 3 
0.142857143 0.678032 0.19079 2 
0.285714286 0.342454 0.02096 3 
0.142857143 0.217432 0.00428 3 
0.428571429 0.759876 0.19207 3 
0.142857143 0.480838 0.07955 3 
0.142857143 0.52418 0.03421 0 
0.714285714 0.398302 0.3155 2 
0.142857143 0.470832 0.07986 3 
0.142857143 0.496826 0.13968 3 
0.142857143 0.380842 0.06169 3 
0.714285714 0.611102 0.0537 3 
0.714285714 0.611102 0.0537 3 
0.142857143 0.524244 0.22587 2 
0.142857143 0.476852 0.119 2 
0.285714286 0.451702 0.02603 3 
0.142857143 0.25327 0.00443 3 
0.142857143 0.330168 0.06673 0 
0.142857143 0.455612 0.16299 3 
0.571428571 0.412896 0.05735 0 
0.142857143 0.598138 0.11621 3 
0.428571429 0.420786 0.09326 3 
0.142857143 0.398038 0.08973 3 
0.428571429 0.541424 0.17222 3 
0.857142857 0.73155 0.235 2 
0.142857143 0.542248 0.08962 3 
0.142857143 0.702014 0.23648 2 
0.428571429 0.3426 0.03636 3 
0.285714286 0.491128 0.15646 2 
0.142857143 0.589646 0.03429 3 
0.142857143 0.589646 0.03429 3 
0.714285714 0.674826 0.06716 0 
0.142857143 0.457028 0.04327 0 
0.428571429 0.47695 0.11 3 
0.714285714 0.974532 0.08656 3 
0.714285714 0.497532 0.41543 2 
0.428571429 0.475034 0.08372 3 
0.142857143 0.480834 0.14287 3 
0.142857143 0.4556 0.07758 3 
0.571428571 0.6 0.19633 2 
0.142857143 0.537668 0.121 2 
0.142857143 0.617106 0.03925 3 
0.571428571 0.438 0.01829 3 
0.142857143 1.621926 0.01656 3 
0.142857143 1.621926 0.01656 3 
0.142857143 0.215124 0.00254 3 
0.714285714 0.571324 0.18611 3 
0.142857143 0.719516 0.10016 3 
0.142857143 0.719516 0.10016 3 
0.714285714 0.735548 0.09058 3 
0.571428571 0.679364 0.35148 2 
0.142857143 0.94883 0.13579 3 
0.142857143 0.405472 0.02082 0 
0.142857143 0.308794 0.05216 3 
0.142857143 0.719884 0.0383 3 
0.428571429 0.408176 0.18 2 
0.142857143 0.4478 0.04592 3 
0.142857143 0.29198 0.01587 0 
0.142857143 0.585482 0.03904 3 
0.142857143 0.693738 0.17158 2 
0.142857143 0.411808 0.04144 3 
0.142857143 0.672284 0.109 0 
0.142857143 0.692118 0.224 3 
0.142857143 0.415824 0.04534 0 
0.142857143 0.46648 0.09385 3 
0.428571429 0.669588 0.08685 3 
0.428571429 0.997098 0.15477 3 
0.714285714 0.324996 0.309 2 
0.714285714 0.520656 0.28 2 
0.142857143 0.689046 0.04303 3 
0.428571429 0.674 0.04249 3 
0.428571429 0.674 0.04249 3 
0.142857143 0.518148 0.04556 3 
0.142857143 0.628252 0.02325 3 
0.714285714 0.650302 0.11152 2 
0.142857143 0.208496 0.01133 3 
0.142857143 0.541144 0.06419 0 
0.714285714 0.519384 0.2522 3 
0.571428571 0.519778 0.131 3 
0.142857143 0.4468 0.10409 3 
0.142857143 0.4468 0.07229 3 
0.142857143 0.775072 0.079 3 
0.142857143 0.392292 0.357 2 
0.142857143 0.524772 0.104 3 
0.714285714 0.71582 0.20288 2 
0.142857143 0.469068 0.04352 3 
0.142857143 0.6132 0.02934 3 
0.142857143 0.6132 0.02934 3 
0.142857143 0.79746 0.02122 3 
0.857142857 0.740324 0.05467 2 
0.142857143 0.66395 0.15488 3 
0.142857143 0.354048 0.05499 0 
0.142857143 0.40153 0.134 3 
0.571428571 0.48574 0.641 2 
0.285714286 0.469118 0.17759 3 
0.142857143 0.59371 0.07614 3 
0.142857143 0.59371 0.07614 3 
0.142857143 0.705256 0.08856 3 
0.428571429 0.402102 0.07744 3 
0.142857143 0.606874 0.31625 2 
0.571428571 1.216222 0.0614 3 
0.142857143 0.618142 0.20229 2 
0.142857143 0.340876 0.0186 3 
0.142857143 0.408896 0.02293 3 
0.142857143 0.56399 0.04514 3 
0.714285714 0.47284 0.18122 3 
0.428571429 0.557724 0.197 3 
0.142857143 0.332024 0.07654 3 
0.571428571 0.729292 0.176 3 
0.714285714 0.482238 0.09815 3 
0.142857143 0.78613 0.116 3 
0.571428571 0.5782 0.18385 2 
0.142857143 0.915754 0.03507 3 
0.142857143 0.6486 0.09299 2 
0.428571429 0.603036 0.21767 3 
0.142857143 0.654482 0.234 2 
0.714285714 0.447168 0.299 2 
0.142857143 0.79957 0.17956 3 
0.428571429 0.614148 0.302 2 
0.571428571 0.542334 0.92902 1 
0.714285714 0.5258 0.29701 2 
0.142857143 0.680342 0.0319 3 
0.714285714 0.6726 0.19988 2 
0.714285714 0.6726 0.19988 2 
0.142857143 0.542348 0.185 2 
0.142857143 0.471852 0.245 2 
0.428571429 0.590224 0.23612 2 
0.142857143 0.569272 0.34143 2 
0.142857143 0.65154 0.483 1 
0.571428571 0.3464 0.10874 2 
0.714285714 0.47199 0.34968 1 
0.428571429 0.5504 0.17194 3 
0.142857143 0.432212 0.333 2 
0.142857143 0.366086 0.111 3 
0.714285714 0.605826 0.19404 3 
0.571428571 0.4704 0.30385 2 
0.714285714 0.591784 0.222 2 
0.142857143 0.545004 0.257 2 
0.714285714 0.450228 0.377 2 
0.142857143 0.438264 0.28671 2 
0.714285714 0.518978 0.46589 1 
0.142857143 0.490552 0.25987 2 
0.714285714 0.648864 0.18367 2 
0.714285714 0.648864 0.18367 2 
0.142857143 0.395044 0.145 2 
0.142857143 0.639102 0.498 1 
0.714285714 0.509896 0.48741 1 
0.714285714 0.481966 0.34247 1 
0.571428571 0.696042 0.09638 3 
0.142857143 0.4974 0.51553 2 
0.571428571 0.57862 1.18197 1 
0.142857143 0.57268 0.28 2 
0.142857143 0.35407 0.295 2 
0.285714286 0.46269 0.25013 2 
0.142857143 0.69955 0.383 2 
0.142857143 0.475518 1.05399 1 
0.714285714 0.6048 0.24257 2 
0.714285714 0.6048 0.24257 2 
0.142857143 0.860258 0.46369 1 
0.571428571 0.7378 0.22107 2 
0.428571429 0.414484 0.196 2 
0.142857143 0.728208 0.106 2 
0.142857143 0.523324 0.19484 2 
0.428571429 0.59515 0.49686 1 
0.857142857 0.814114 1.888 1 
0.142857143 0.607638 0.329 2 
0.428571429 0.596286 0.17236 2 
0.142857143 0.578022 0.25546 2 
0.571428571 0.65054 0.28185 2 
0.571428571 0.65054 0.28185 2 
0.142857143 0.453564 0.191 2 
0.142857143 0.407026 0.28212 2 
0.571428571 0.402694 0.40005 1 
0.142857143 0.538474 0.25768 2 
0.714285714 0.43015 0.289 2 
0.285714286 0.753012 0.192 2 
0.571428571 0.477874 0.35839 1 
0.714285714 0.680154 1.02586 1 
0.142857143 0.512508 0.2 2 
0.571428571 0.575428 0.13899 2 
0.142857143 0.61575 0.36864 1 
0.714285714 0.634374 1.65405 1 
0.142857143 0.469316 0.108 3 
0.428571429 0.344954 0.363 2 
0.142857143 0.324286 0.222 2 
0.142857143 0.60324 0.271 2 
0.142857143 0.4402 0.26078 2 
0.142857143 0.5878 0.37457 1 
0.142857143 0.5878 0.37457 1 
0.428571429 0.722246 0.414 1 
0.142857143 0.5242 0.42896 1 
0.142857143 0.639562 0.27799 2 
0.571428571 0.517174 0.2824 1 
0.142857143 0.5726 0.23723 2 
0.142857143 0.517078 0.12968 2 
0.142857143 0.545164 0.815 1 
0.142857143 0.518436 0.193 2 
0.571428571 0.415154 0.75223 1 
0.142857143 0.605188 0.42499 1 
1 0.469108 2.27188 1 
0.857142857 0.474024 0.673 1 
0.142857143 0.80495 0.379 2 
0.285714286 0.772946 0.227 2 
0.714285714 0.737314 3.308 1 
0.142857143 0.301326 0.40599 1 
0.714285714 0.681384 1.92635 1 
0.428571429 0.386716 1.46934 1 
0.571428571 0.535524 0.20957 2 
0.142857143 0.7248 0.38537 1 
0.142857143 0.448508 0.29262 1 
0.142857143 0.448508 0.29262 1 
0.571428571 0.533 0.29571 1 
0.142857143 0.56766 0.532 1 
0.142857143 0.4546 0.27737 1 
0.714285714 0.7156 0.33018 1 
0.142857143 0.580766 0.585 1 
0.571428571 0.5112 0.207 2 